[abc.jpg]
filters=autolight=1;finetune2=1,0.000000,0.000000,0.345263,00000000,1.000000;
moddate=7045c3ed0040da01
width=612
height=408
textactive=0
